560	0.1946
560	0.1929
560	0.1886
560	0.1824
560	0.1749
561	0.1667
561	0.1581
561	0.1491
561	0.1405
561	0.1321
562	0.1240
562	0.1164
562	0.1093
562	0.1028
562	0.0967
563	0.0911
563	0.0859
563	0.0812
563	0.0768
563	0.0728
564	0.0692
564	0.0658
564	0.0628
564	0.0600
564	0.0574
565	0.0552
565	0.0530
565	0.0512
565	0.0495
565	0.0480
566	0.0467
566	0.0455
566	0.0444
566	0.0435
566	0.0427
567	0.0420
567	0.0415
567	0.0410
567	0.0407
567	0.0404
568	0.0402
568	0.0401
568	0.0401
568	0.0401
568	0.0403
569	0.0405
569	0.0408
569	0.0412
569	0.0416
569	0.0420
570	0.0425
570	0.0431
570	0.0437
570	0.0443
570	0.0450
571	0.0458
571	0.0466
571	0.0474
571	0.0483
571	0.0492
572	0.0502
572	0.0512
572	0.0523
572	0.0534
572	0.0546
573	0.0558
573	0.0570
573	0.0583
573	0.0596
573	0.0610
574	0.0625
574	0.0640
574	0.0654
574	0.0670
574	0.0686
575	0.0702
575	0.0719
575	0.0736
575	0.0754
575	0.0772
576	0.0791
576	0.0810
576	0.0829
576	0.0849
576	0.0869
577	0.0890
577	0.0911
577	0.0933
577	0.0955
577	0.0978
578	0.1001
578	0.1025
578	0.1050
578	0.1075
578	0.1101
579	0.1127
579	0.1154
579	0.1182
579	0.1210
579	0.1238
580	0.1269
580	0.1300
580	0.1331
580	0.1363
580	0.1395
581	0.1429
581	0.1462
581	0.1496
581	0.1531
581	0.1566
582	0.1603
582	0.1640
582	0.1678
582	0.1717
582	0.1755
583	0.1795
583	0.1836
583	0.1877
583	0.1920
583	0.1963
584	0.2007
584	0.2053
584	0.2097
584	0.2144
584	0.2190
585	0.2238
585	0.2287
585	0.2338
585	0.2387
585	0.2438
586	0.2491
586	0.2543
586	0.2597
586	0.2652
586	0.2709
587	0.2766
587	0.2824
587	0.2882
587	0.2942
587	0.3003
588	0.3065
588	0.3129
588	0.3192
588	0.3259
588	0.3324
589	0.3390
589	0.3458
589	0.3524
589	0.3592
589	0.3662
590	0.3733
590	0.3805
590	0.3876
590	0.3950
590	0.4020
591	0.4096
591	0.4169
591	0.4246
591	0.4321
591	0.4399
592	0.4476
592	0.4553
592	0.4631
592	0.4711
592	0.4790
593	0.4871
593	0.4953
593	0.5034
593	0.5118
593	0.5200
594	0.5282
594	0.5366
594	0.5449
594	0.5534
594	0.5620
595	0.5705
595	0.5791
595	0.5876
595	0.5963
595	0.6048
596	0.6136
596	0.6222
596	0.6310
596	0.6396
596	0.6483
597	0.6568
597	0.6654
597	0.6739
597	0.6824
597	0.6911
598	0.6995
598	0.7080
598	0.7162
598	0.7244
598	0.7325
599	0.7406
599	0.7484
599	0.7564
599	0.7642
599	0.7720
600	0.7797
600	0.7874
600	0.7950
600	0.8024
600	0.8099
601	0.8171
601	0.8244
601	0.8314
601	0.8384
601	0.8453
602	0.8521
602	0.8588
602	0.8655
602	0.8718
602	0.8782
603	0.8842
603	0.8903
603	0.8958
603	0.9016
603	0.9070
604	0.9125
604	0.9178
604	0.9229
604	0.9278
604	0.9325
605	0.9372
605	0.9414
605	0.9458
605	0.9498
605	0.9539
606	0.9575
606	0.9614
606	0.9650
606	0.9684
606	0.9715
607	0.9746
607	0.9773
607	0.9802
607	0.9826
607	0.9850
608	0.9871
608	0.9889
608	0.9908
608	0.9923
608	0.9939
609	0.9950
609	0.9962
609	0.9970
609	0.9982
609	0.9986
610	0.9994
610	0.9996
610	1.0000
610	0.9999
610	0.9999
611	0.9994
611	0.9992
611	0.9986
611	0.9977
611	0.9969
612	0.9956
612	0.9943
612	0.9928
612	0.9914
612	0.9894
613	0.9875
613	0.9855
613	0.9834
613	0.9809
613	0.9786
614	0.9759
614	0.9734
614	0.9704
614	0.9675
614	0.9646
615	0.9614
615	0.9582
615	0.9548
615	0.9514
615	0.9477
616	0.9440
616	0.9400
616	0.9364
616	0.9324
616	0.9284
617	0.9242
617	0.9200
617	0.9158
617	0.9115
617	0.9073
618	0.9030
618	0.8985
618	0.8941
618	0.8894
618	0.8849
619	0.8804
619	0.8757
619	0.8710
619	0.8660
619	0.8614
620	0.8564
620	0.8517
620	0.8469
620	0.8421
620	0.8371
621	0.8323
621	0.8273
621	0.8224
621	0.8174
621	0.8126
622	0.8073
622	0.8024
622	0.7973
622	0.7923
622	0.7872
623	0.7822
623	0.7772
623	0.7720
623	0.7669
623	0.7618
624	0.7567
624	0.7514
624	0.7464
624	0.7411
624	0.7362
625	0.7308
625	0.7260
625	0.7209
625	0.7160
625	0.7111
626	0.7063
626	0.7013
626	0.6966
626	0.6920
626	0.6873
627	0.6826
627	0.6779
627	0.6732
627	0.6686
627	0.6640
628	0.6593
628	0.6548
628	0.6501
628	0.6457
628	0.6412
629	0.6369
629	0.6324
629	0.6282
629	0.6238
629	0.6195
630	0.6152
630	0.6111
630	0.6070
630	0.6031
630	0.5990
631	0.5950
631	0.5910
631	0.5870
631	0.5832
631	0.5794
632	0.5757
632	0.5719
632	0.5683
632	0.5646
632	0.5612
633	0.5576
633	0.5542
633	0.5508
633	0.5474
633	0.5440
634	0.5407
634	0.5374
634	0.5343
634	0.5310
634	0.5279
635	0.5248
635	0.5218
635	0.5187
635	0.5157
635	0.5128
636	0.5099
636	0.5071
636	0.5041
636	0.5014
636	0.4984
637	0.4959
637	0.4929
637	0.4904
637	0.4878
637	0.4851
638	0.4826
638	0.4802
638	0.4777
638	0.4753
638	0.4729
639	0.4706
639	0.4684
639	0.4661
639	0.4638
639	0.4617
640	0.4596
640	0.4575
640	0.4555
640	0.4535
640	0.4515
641	0.4497
641	0.4478
641	0.4460
641	0.4442
641	0.4423
642	0.4406
642	0.4388
642	0.4371
642	0.4354
642	0.4336
643	0.4320
643	0.4304
643	0.4288
643	0.4271
643	0.4256
644	0.4239
644	0.4223
644	0.4208
644	0.4193
644	0.4178
645	0.4162
645	0.4148
645	0.4134
645	0.4118
645	0.4106
646	0.4091
646	0.4077
646	0.4064
646	0.4052
646	0.4039
647	0.4026
647	0.4013
647	0.4001
647	0.3989
647	0.3975
648	0.3962
648	0.3950
648	0.3938
648	0.3924
648	0.3913
649	0.3900
649	0.3887
649	0.3873
649	0.3862
649	0.3849
650	0.3838
650	0.3826
650	0.3815
650	0.3804
650	0.3792
651	0.3779
651	0.3767
651	0.3757
651	0.3744
651	0.3733
652	0.3720
652	0.3710
652	0.3697
652	0.3686
652	0.3674
653	0.3662
653	0.3649
653	0.3638
653	0.3625
653	0.3614
654	0.3602
654	0.3590
654	0.3577
654	0.3565
654	0.3553
655	0.3540
655	0.3528
655	0.3514
655	0.3503
655	0.3489
656	0.3478
656	0.3465
656	0.3452
656	0.3439
656	0.3426
657	0.3414
657	0.3401
657	0.3388
657	0.3375
657	0.3363
658	0.3351
658	0.3338
658	0.3324
658	0.3313
658	0.3299
659	0.3286
659	0.3272
659	0.3259
659	0.3246
659	0.3232
660	0.3219
660	0.3205
660	0.3191
660	0.3177
660	0.3163
661	0.3149
661	0.3136
661	0.3120
661	0.3108
661	0.3092
662	0.3076
662	0.3061
662	0.3046
662	0.3032
662	0.3018
663	0.3004
663	0.2990
663	0.2974
663	0.2961
663	0.2946
664	0.2932
664	0.2916
664	0.2900
664	0.2885
664	0.2871
665	0.2854
665	0.2838
665	0.2824
665	0.2807
665	0.2791
666	0.2776
666	0.2760
666	0.2743
666	0.2729
666	0.2712
667	0.2695
667	0.2678
667	0.2661
667	0.2644
667	0.2628
668	0.2611
668	0.2596
668	0.2577
668	0.2562
668	0.2543
669	0.2528
669	0.2511
669	0.2494
669	0.2477
669	0.2460
670	0.2443
670	0.2424
670	0.2407
670	0.2390
670	0.2373
671	0.2356
671	0.2339
671	0.2322
671	0.2304
671	0.2288
672	0.2271
672	0.2254
672	0.2237
672	0.2221
672	0.2204
673	0.2187
673	0.2170
673	0.2153
673	0.2136
673	0.2121
674	0.2104
674	0.2088
674	0.2071
674	0.2056
674	0.2040
675	0.2024
675	0.2009
675	0.1992
675	0.1976
675	0.1961
676	0.1944
676	0.1928
676	0.1912
676	0.1897
676	0.1881
677	0.1866
677	0.1850
677	0.1834
677	0.1819
677	0.1803
678	0.1788
678	0.1772
678	0.1758
678	0.1742
678	0.1727
679	0.1712
679	0.1697
679	0.1683
679	0.1669
679	0.1654
680	0.1640
680	0.1626
680	0.1612
680	0.1599
680	0.1585
681	0.1571
681	0.1557
681	0.1544
681	0.1530
681	0.1517
682	0.1503
682	0.1490
682	0.1476
682	0.1462
682	0.1449
683	0.1436
683	0.1422
683	0.1410
683	0.1397
683	0.1384
684	0.1371
684	0.1358
684	0.1346
684	0.1333
684	0.1321
685	0.1309
685	0.1297
685	0.1285
685	0.1274
685	0.1261
686	0.1250
686	0.1238
686	0.1227
686	0.1215
686	0.1204
687	0.1192
687	0.1182
687	0.1171
687	0.1160
687	0.1149
688	0.1138
688	0.1128
688	0.1117
688	0.1107
688	0.1097
689	0.1087
689	0.1077
689	0.1067
689	0.1057
689	0.1048
690	0.1038
690	0.1029
690	0.1020
690	0.1011
690	0.1001
691	0.0992
691	0.0983
691	0.0974
691	0.0966
691	0.0957
692	0.0948
692	0.0939
692	0.0931
692	0.0922
692	0.0914
693	0.0906
693	0.0898
693	0.0890
693	0.0882
693	0.0874
694	0.0866
694	0.0859
694	0.0851
694	0.0844
694	0.0837
695	0.0830
695	0.0823
695	0.0816
695	0.0809
695	0.0802
696	0.0795
696	0.0788
696	0.0781
696	0.0775
696	0.0768
697	0.0762
697	0.0756
697	0.0750
697	0.0743
697	0.0737
698	0.0731
698	0.0725
698	0.0718
698	0.0712
698	0.0707
699	0.0701
699	0.0695
699	0.0690
699	0.0684
699	0.0679
700	0.0673
700	0.0668
700	0.0662
700	0.0657
700	0.0652
701	0.0647
701	0.0642
701	0.0638
701	0.0633
701	0.0628
702	0.0623
702	0.0618
702	0.0614
702	0.0609
702	0.0604
703	0.0599
703	0.0595
703	0.0591
703	0.0586
703	0.0582
704	0.0577
704	0.0573
704	0.0568
704	0.0564
704	0.0560
705	0.0556
705	0.0552
705	0.0547
705	0.0543
705	0.0539
706	0.0535
706	0.0531
706	0.0527
706	0.0523
706	0.0520
707	0.0516
707	0.0512
707	0.0509
707	0.0505
707	0.0502
708	0.0498
708	0.0494
708	0.0490
708	0.0487
708	0.0484
709	0.0480
709	0.0477
709	0.0474
709	0.0470
709	0.0467
710	0.0464
710	0.0460
710	0.0457
710	0.0454
710	0.0451
711	0.0448
711	0.0445
711	0.0441
711	0.0438
711	0.0436
712	0.0432
712	0.0430
712	0.0427
712	0.0424
712	0.0421
713	0.0418
713	0.0415
713	0.0412
713	0.0410
713	0.0407
714	0.0405
714	0.0402
714	0.0399
714	0.0397
714	0.0394
715	0.0392
715	0.0389
715	0.0387
715	0.0384
715	0.0382
716	0.0380
716	0.0378
716	0.0375
716	0.0372
716	0.0370
717	0.0368
717	0.0365
717	0.0363
717	0.0361
717	0.0358
718	0.0356
718	0.0354
718	0.0352
718	0.0350
718	0.0348
719	0.0346
719	0.0343
719	0.0341
719	0.0339
719	0.0337
720	0.0335
720	0.0333
720	0.0330
720	0.0328
720	0.0326
721	0.0324
721	0.0322
721	0.0320
721	0.0318
721	0.0316
722	0.0314
722	0.0312
722	0.0310
722	0.0308
722	0.0306
723	0.0304
723	0.0302
723	0.0300
723	0.0298
723	0.0296
724	0.0294
724	0.0292
724	0.0290
724	0.0288
724	0.0286
725	0.0284
725	0.0282
725	0.0281
725	0.0279
725	0.0277
726	0.0275
726	0.0273
726	0.0271
726	0.0269
726	0.0268
727	0.0266
727	0.0264
727	0.0262
727	0.0260
727	0.0259
728	0.0257
728	0.0255
728	0.0253
728	0.0252
728	0.0250
729	0.0248
729	0.0246
729	0.0245
729	0.0243
729	0.0241
730	0.0239
730	0.0238
730	0.0236
730	0.0234
730	0.0233
731	0.0231
731	0.0230
731	0.0228
731	0.0226
731	0.0225
732	0.0223
732	0.0222
732	0.0220
732	0.0219
732	0.0217
733	0.0215
733	0.0214
733	0.0212
733	0.0210
733	0.0209
734	0.0208
734	0.0206
734	0.0205
734	0.0203
734	0.0202
735	0.0201
735	0.0199
735	0.0198
735	0.0196
735	0.0195
736	0.0193
736	0.0192
736	0.0190
736	0.0189
736	0.0187
737	0.0186
737	0.0185
737	0.0183
737	0.0182
737	0.0180
738	0.0179
738	0.0178
738	0.0176
738	0.0175
738	0.0174
739	0.0172
739	0.0171
739	0.0170
739	0.0169
739	0.0168
740	0.0166
740	0.0165
740	0.0164
740	0.0162
740	0.0161
741	0.0160
741	0.0159
741	0.0158
741	0.0157
741	0.0156
742	0.0154
742	0.0153
742	0.0152
742	0.0151
742	0.0150
743	0.0149
743	0.0148
743	0.0146
743	0.0145
743	0.0144
744	0.0143
744	0.0142
744	0.0141
744	0.0140
744	0.0138
745	0.0137
745	0.0136
745	0.0135
745	0.0134
745	0.0133
746	0.0132
746	0.0131
746	0.0130
746	0.0129
746	0.0128
747	0.0127
747	0.0126
747	0.0125
747	0.0124
747	0.0123
748	0.0122
748	0.0121
748	0.0120
748	0.0119
748	0.0118
749	0.0117
749	0.0116
749	0.0115
749	0.0114
749	0.0113
750	0.0112
750	0.0111
750	0.0110
750	0.0110
750	0.0108
751	0.0108
751	0.0107
751	0.0106
751	0.0105
751	0.0104
752	0.0103
752	0.0102
752	0.0101
752	0.0100
752	0.0100
753	0.0099
753	0.0098
753	0.0097
753	0.0096
753	0.0095
754	0.0095
754	0.0094
754	0.0093
754	0.0092
754	0.0092
755	0.0091
755	0.0090
755	0.0089
755	0.0089
755	0.0088
756	0.0087
756	0.0086
756	0.0086
756	0.0085
756	0.0084
757	0.0083
757	0.0083
757	0.0082
757	0.0081
757	0.0081
758	0.0080
758	0.0079
758	0.0079
758	0.0078
758	0.0077
759	0.0076
759	0.0076
759	0.0075
759	0.0074
759	0.0074
760	0.0073
760	0.0073
760	0.0072
760	0.0071
760	0.0071
761	0.0070
761	0.0070
761	0.0069
761	0.0068
761	0.0068
762	0.0065
762	0.0065
762	0.0066
762	0.0067
762	0.0066
763	0.0062
763	0.0063
763	0.0063
763	0.0064
763	0.0064
764	0.0060
764	0.0060
764	0.0060
764	0.0061
764	0.0062
765	0.0057
765	0.0058
765	0.0058
765	0.0059
765	0.0059
766	0.0055
766	0.0055
766	0.0056
766	0.0056
766	0.0056
767	0.0052
767	0.0053
767	0.0053
767	0.0054
767	0.0054
768	0.0050
768	0.0051
768	0.0051
768	0.0051
768	0.0052
769	0.0048
769	0.0049
769	0.0049
769	0.0049
769	0.0050
770	0.0046
770	0.0046
770	0.0047
770	0.0047
770	0.0048
771	0.0044
771	0.0044
771	0.0045
771	0.0045
771	0.0046
772	0.0042
772	0.0042
772	0.0043
772	0.0043
772	0.0044
773	0.0040
773	0.0041
773	0.0041
773	0.0042
773	0.0042
774	0.0039
774	0.0039
774	0.0039
774	0.0040
774	0.0040
775	0.0037
775	0.0038
775	0.0038
775	0.0038
775	0.0038
776	0.0036
776	0.0036
776	0.0036
776	0.0036
776	0.0037
777	0.0034
777	0.0034
777	0.0035
777	0.0035
777	0.0035
778	0.0033
778	0.0033
778	0.0034
778	0.0034
778	0.0034
779	0.0032
779	0.0032
779	0.0032
779	0.0032
779	0.0033
780	0.0030
780	0.0031
780	0.0031
780	0.0031
780	0.0031
781	0.0030
781	0.0030
781	0.0030
781	0.0030
781	0.0030
782	0.0028
782	0.0029
782	0.0029
782	0.0029
782	0.0029
783	0.0028
783	0.0028
783	0.0028
783	0.0028
783	0.0028
784	0.0027
784	0.0027
784	0.0027
784	0.0027
784	0.0027
785	0.0026
785	0.0026
785	0.0026
785	0.0026
785	0.0026
786	0.0025
786	0.0025
786	0.0025
786	0.0025
786	0.0026
787	0.0024
787	0.0024
787	0.0024
787	0.0025
787	0.0025
788	0.0023
788	0.0024
788	0.0024
788	0.0024
788	0.0024
789	0.0023
789	0.0023
789	0.0023
789	0.0023
789	0.0023
790	0.0022
790	0.0022
790	0.0022
790	0.0022
790	0.0023
791	0.0022
791	0.0022
791	0.0022
791	0.0022
791	0.0022
792	0.0021
792	0.0021
792	0.0021
792	0.0021
792	0.0021
793	0.0021
793	0.0021
793	0.0021
793	0.0021
793	0.0021
794	0.0020
794	0.0020
794	0.0020
794	0.0020
794	0.0020
795	0.0019
795	0.0020
795	0.0020
795	0.0020
795	0.0020
796	0.0019
796	0.0019
796	0.0019
796	0.0019
796	0.0019
797	0.0018
797	0.0019
797	0.0019
797	0.0019
797	0.0019
798	0.0018
798	0.0018
798	0.0018
798	0.0018
798	0.0018
799	0.0018
799	0.0018
799	0.0018
799	0.0018
799	0.0018
