219.75	36642
220	36304
220.25	36526
220.5	36429
220.75	36481
221	36001
221.25	36326
221.5	36137
221.75	35836
222	36052
222.25	35727
222.5	36310
222.75	36115
223	35721
223.25	35228
223.5	35458
223.75	35410
224	35057
224.25	35378
224.5	35249
224.75	34835
225	35025
225.25	35247
225.5	34760
225.75	34400
226	34491
226.25	34481
226.5	34282
226.75	34814
227	34117
227.25	34174
227.5	34123
227.75	34021
228	33602
228.25	34338
228.5	33581
228.75	33448
229	33589
229.25	33322
229.5	33239
229.75	32479
230	32582
230.25	32464
230.5	32120
230.75	31797
231	31590
231.25	31938
231.5	31468
231.75	31148
232	31079
232.25	30655
232.5	30613
232.75	30054
233	30086
233.25	29834
233.5	29652
233.75	29019
234	29043
234.25	29077
234.5	28590
234.75	28445
235	28020
235.25	28358
235.5	27952
235.75	27552
236	27488
236.25	27362
236.5	27062
236.75	27502
237	26672
237.25	26783
237.5	26590
237.75	26697
238	26311
238.25	26103
238.5	25817
238.75	26100
239	26240
239.25	25438
239.5	25663
239.75	25796
240	25688
240.25	25639
240.5	25224
240.75	25303
241	25041
241.25	25202
241.5	25374
241.75	25208
242	24894
242.25	25187
242.5	24878
242.75	25335
243	25194
243.25	25220
243.5	25192
243.75	25612
244	25206
244.25	25465
244.5	25130
244.75	25106
245	25246
245.25	24928
245.5	25388
245.75	25725
246	25544
246.25	25548
246.5	25347
246.75	25389
247	25973
247.25	25844
247.5	26273
247.75	25897
248	25682
248.25	26117
248.5	26321
248.75	26437
249	26677
249.25	26402
249.5	26778
249.75	26593
250	26895
250.25	26907
250.5	27210
250.75	27036
251	27258
251.25	27433
251.5	27556
251.75	27624
252	27509
252.25	27682
252.5	27839
252.75	28055
253	28394
253.25	28677
253.5	28922
253.75	28867
254	29145
254.25	29004
254.5	29324
254.75	29983
255	29952
255.25	30393
255.5	30754
255.75	30437
256	30669
256.25	31255
256.5	31623
256.75	31688
257	32169
257.25	31930
257.5	32181
257.75	32221
258	32976
258.25	33151
258.5	33586
258.75	33804
259	34177
259.25	34400
259.5	34428
259.75	34639
260	35271
260.25	35200
260.5	35165
260.75	35612
261	35724
261.25	36570
261.5	36872
261.75	37135
262	37657
262.25	37398
262.5	37636
262.75	38370
263	38697
263.25	38667
263.5	39136
263.75	39381
264	40090
264.25	40152
264.5	40784
264.75	40863
265	41617
265.25	41194
265.5	41911
265.75	42194
266	42492
266.25	42554
266.5	42568
266.75	43105
267	43107
267.25	43271
267.5	43293
267.75	43235
268	43865
268.25	43375
268.5	43578
268.75	43874
269	43628
269.25	43424
269.5	43660
269.75	42939
270	42641
270.25	42816
270.5	42080
270.75	41777
271	41155
271.25	40968
271.5	40608
271.75	39431
272	39031
272.25	38582
272.5	38485
272.75	37448
273	36958
273.25	36364
273.5	36275
273.75	35601
274	34843
274.25	33913
274.5	33250
274.75	32300
275	31923
275.25	31240
275.5	30920
275.75	29602
276	29747
276.25	28985
276.5	28747
276.75	27874
277	26860
277.25	26668
277.5	26040
277.75	25459
278	25078
278.25	24620
278.5	23821
278.75	23904
279	22559
279.25	22674
279.5	21682
279.75	21585
280	21102
280.25	21101
280.5	20498
280.75	20128
281	19845
281.25	19389
281.5	19326
281.75	19067
282	18812
282.25	17793
282.5	18001
282.75	17378
283	17515
283.25	17190
283.5	16989
283.75	16664
284	16555
284.25	16275
284.5	16213
284.75	15958
285	15793
285.25	15950
285.5	15815
285.75	15015
286	14915
286.25	15015
286.5	14681
286.75	14350
287	14205
287.25	14277
287.5	14266
287.75	13731
288	13634
288.25	13110
288.5	13404
288.75	13738
289	13283
289.25	13233
289.5	12962
289.75	13429
290	13115
290.25	12836
290.5	12690
290.75	12186
291	12722
291.25	12418
291.5	12727
291.75	12477
292	12147
292.25	12374
292.5	12275
292.75	11995
293	12344
293.25	12820
293.5	12527
293.75	11948
294	12019
294.25	11890
294.5	12403
294.75	12325
295	12298
295.25	12503
295.5	12640
295.75	12254
296	12255
296.25	12335
296.5	12515
296.75	12142
297	12391
297.25	12615
297.5	11992
297.75	12531
298	12628
298.25	12410
298.5	13125
298.75	12759
299	12968
299.25	12728
299.5	12767
299.75	13433
300	12871
300.25	13132
300.5	13064
300.75	13017
301	13104
301.25	13519
301.5	13320
301.75	13610
302	13679
302.25	13581
302.5	13546
302.75	13853
303	13678
303.25	13727
303.5	13582
303.75	14076
304	13977
304.25	13806
304.5	14129
304.75	13779
305	14028
305.25	14034
305.5	14153
305.75	13804
306	14159
306.25	14289
306.5	14099
306.75	14573
307	14531
307.25	14358
307.5	14497
307.75	14952
308	14474
308.25	14786
308.5	14775
308.75	14865
309	15025
309.25	14800
309.5	15407
309.75	14998
310	15541
310.25	15474
310.5	15872
310.75	15708
311	15981
311.25	15429
311.5	15775
311.75	15933
312	16464
312.25	16355
312.5	16215
312.75	16454
313	16398
313.25	16533
313.5	16534
313.75	16262
314	16883
314.25	16265
314.5	17001
314.75	16972
315	16437
315.25	17214
315.5	17272
315.75	17064
316	17087
316.25	17308
316.5	17366
316.75	17533
317	17091
317.25	17489
317.5	18043
317.75	17583
318	17275
318.25	17645
318.5	18057
318.75	17680
319	17825
319.25	18322
319.5	17481
319.75	18043
320	17983
320.25	17835
320.5	18035
320.75	17960
321	18155
321.25	18305
321.5	17977
321.75	18010
322	18043
322.25	18238
322.5	18080
322.75	17756
323	18051
323.25	18327
323.5	18096
323.75	18353
324	17862
324.25	17821
324.5	17972
324.75	17642
325	17675
325.25	17589
325.5	17649
325.75	17453
326	17544
326.25	17036
326.5	17263
326.75	16817
327	17355
327.25	16813
327.5	16499
327.75	16429
328	16383
328.25	16649
328.5	16171
328.75	16271
329	16102
329.25	16136
329.5	15837
329.75	15368
330	15693
330.25	15522
330.5	15543
330.75	15300
331	14713
331.25	14984
331.5	15306
331.75	14863
332	13841
332.25	14129
332.5	13883
332.75	13850
333	13843
333.25	14127
333.5	13779
333.75	13591
334	13506
334.25	13438
334.5	13219
334.75	13032
335	12225
335.25	12522
335.5	12105
335.75	12282
336	12135
336.25	11776
336.5	11883
336.75	11506
337	11795
337.25	11177
337.5	11025
337.75	11091
338	10827
338.25	10704
338.5	11040
338.75	11227
339	10494
339.25	9856
339.5	10859
339.75	9804
340	9783
340.25	9814
340.5	10037
340.75	10627
341	10156
341.25	9457
341.5	9890
341.75	9819
342	9568
342.25	9605
342.5	9243
342.75	9525
343	8719
343.25	9409
343.5	9103
343.75	8662
344	9022
344.25	8311
344.5	9044
344.75	8139
345	8567
345.25	8394
345.5	8315
345.75	8772
346	8222
346.25	8287
346.5	7471
346.75	8328
347	8064
347.25	8493
347.5	7899
347.75	8024
348	7930
348.25	8200
348.5	7828
348.75	7730
349	7643
349.25	7748
349.5	7688
349.75	7917
350	7633
350.25	7718
350.5	7582
350.75	7613
351	7496
351.25	7740
351.5	7500
351.75	7512
352	7580
352.25	7460
352.5	7330
352.75	7434
353	7096
353.25	7406
353.5	7316
353.75	7128
354	7079
354.25	7270
354.5	7184
354.75	6915
355	7099
355.25	7029
355.5	7047
355.75	6976
356	7076
356.25	6934
356.5	6547
356.75	6795
357	6846
357.25	6627
357.5	6895
357.75	6738
358	6535
358.25	6649
358.5	6451
358.75	6620
359	6614
359.25	6592
359.5	6547
359.75	6225
360	6294
360.25	6414
360.5	6410
360.75	6428
361	6323
361.25	6507
361.5	6249
361.75	6417
362	6336
362.25	6397
362.5	6084
362.75	5879
363	5937
363.25	5707
363.5	5760
363.75	5784
364	6146
364.25	5862
364.5	5528
364.75	5698
365	5648
365.25	5743
365.5	5791
365.75	5571
366	5522
366.25	5584
366.5	5382
366.75	5489
367	5389
367.25	5337
367.5	5514
367.75	5240
368	5270
368.25	5309
368.5	5215
368.75	5078
369	5066
369.25	4821
369.5	5027
369.75	4958
370	5088
370.25	5004
370.5	4955
370.75	4878
371	5183
371.25	4743
371.5	4972
371.75	4961
372	4842
372.25	4721
372.5	4774
372.75	4839
373	4382
373.25	4853
373.5	4688
373.75	4665
374	4627
374.25	4460
374.5	4546
374.75	4351
375	4468
375.25	4280
375.5	4301
375.75	4482
376	4197
376.25	4277
376.5	4177
376.75	4112
377	4266
377.25	4332
377.5	4281
377.75	4350
378	4206
378.25	4213
378.5	4230
378.75	4054
379	4108
379.25	4175
379.5	4120
379.75	4379
380	4203
380.25	3967
380.5	4154
380.75	4172
381	3981
381.25	4147
381.5	4114
381.75	4179
382	3896
382.25	4082
382.5	3865
382.75	4178
383	3839
383.25	3833
383.5	4000
383.75	3950
384	3962
384.25	3838
384.5	3497
384.75	3873
385	3944
385.25	3801
385.5	3779
385.75	3997
386	3898
386.25	3725
386.5	3941
386.75	3787
387	3880
387.25	3752
387.5	3704
387.75	3782
388	3668
388.25	3712
388.5	3831
388.75	3644
389	3916
389.25	3651
389.5	3858
389.75	3566
390	3625
390.25	3474
390.5	3717
390.75	3717
391	3575
391.25	3674
391.5	3648
391.75	3503
392	3622
392.25	3542
392.5	3563
392.75	3780
393	3494
393.25	3656
393.5	3546
393.75	3625
394	3598
394.25	3519
394.5	3718
394.75	3659
395	3511
395.25	3608
395.5	3458
395.75	3577
396	3506
396.25	3575
396.5	3732
396.75	3527
397	3300
397.25	3666
397.5	3418
397.75	3453
398	3439
398.25	3592
398.5	3431
398.75	3534
399	3526
399.25	3572
399.5	3617
399.75	3378
400	3678
400.25	3378
400.5	3664
400.75	3670
401	3655
401.25	3482
401.5	3687
401.75	3560
402	3494
402.25	3502
402.5	3489
402.75	3670
403	3608
403.25	3570
403.5	3420
403.75	3477
404	3544
404.25	3658
404.5	3567
404.75	3666
405	3641
405.25	3400
405.5	3670
405.75	3678
406	3711
406.25	3550
406.5	3600
406.75	3755
407	3561
407.25	3461
407.5	3683
407.75	3673
408	3661
408.25	3580
408.5	3775
408.75	3584
409	3670
409.25	3609
409.5	3646
409.75	3773
410	3762
410.25	3556
410.5	3559
410.75	3471
411	3524
411.25	3551
411.5	3659
411.75	3606
412	3443
412.25	3594
412.5	3647
412.75	3623
413	3464
413.25	3515
413.5	3415
413.75	3655
414	3648
414.25	3588
414.5	3407
414.75	3595
415	3527
415.25	3400
415.5	3437
415.75	3440
416	3641
416.25	3419
416.5	3489
416.75	3413
417	3495
417.25	3505
417.5	3261
417.75	3456
418	3522
418.25	3557
418.5	3530
418.75	3313
419	3467
419.25	3418
419.5	3369
419.75	3207
420	3377
420.25	3485
420.5	3393
420.75	3336
421	3389
421.25	3401
421.5	3299
421.75	3321
422	3321
422.25	3330
422.5	3385
422.75	3381
423	3269
423.25	3202
423.5	3402
423.75	3199
424	3178
424.25	3122
424.5	3343
424.75	3353
425	3149
425.25	3112
425.5	3165
425.75	3144
426	3050
426.25	3149
426.5	3023
426.75	3102
427	3161
427.25	3150
427.5	3147
427.75	3248
428	3254
428.25	3233
428.5	2951
428.75	3038
429	3045
429.25	3121
429.5	3080
429.75	3034
430	3116
430.25	3156
430.5	3029
430.75	3024
431	2894
431.25	3113
431.5	2940
431.75	3059
432	2891
432.25	2924
432.5	2977
432.75	3070
433	2993
433.25	3075
433.5	3001
433.75	2997
434	2908
434.25	3038
434.5	2878
434.75	2885
435	2953
435.25	2986
435.5	2848
435.75	2923
436	3077
436.25	2889
436.5	2953
436.75	2971
437	2912
437.25	3037
437.5	2877
437.75	2846
438	2761
438.25	2877
438.5	2986
438.75	2895
439	2824
439.25	2832
439.5	2828
439.75	2944
440	2851
440.25	2902
440.5	2832
440.75	2874
441	2850
441.25	2809
441.5	2924
441.75	2917
442	2917
442.25	2835
442.5	2934
442.75	2844
443	2856
443.25	2888
443.5	2768
443.75	2839
444	2815
444.25	2873
444.5	2818
444.75	2891
445	2698
445.25	2798
445.5	2856
445.75	2751
446	2872
446.25	2841
446.5	2731
446.75	2778
447	2794
447.25	2786
447.5	2807
447.75	2762
448	2801
448.25	2942
448.5	2665
448.75	2768
449	2645
449.25	2812
449.5	2778
449.75	2844
450	2925
450.25	2793
450.5	2728
450.75	2839
451	2887
451.25	2760
451.5	2763
451.75	2680
452	2805
452.25	2807
452.5	2912
452.75	2805
453	2924
453.25	2748
453.5	2777
453.75	2768
454	2827
454.25	2794
454.5	2783
454.75	2737
455	2729
455.25	2824
455.5	2821
455.75	2730
456	2770
456.25	2766
456.5	2780
456.75	2848
457	2699
457.25	2703
457.5	2686
457.75	2751
458	2732
458.25	2844
458.5	2711
458.75	2765
459	2884
459.25	2801
459.5	2769
459.75	2846
460	2772
460.25	2765
460.5	2813
460.75	2844
461	2913
461.25	2930
461.5	2865
461.75	2971
462	2800
462.25	2867
462.5	2838
462.75	2814
463	2831
463.25	2845
463.5	2919
463.75	2998
464	3023
464.25	2954
464.5	2986
464.75	3011
465	3023
465.25	2946
465.5	2941
465.75	3041
466	3110
466.25	3116
466.5	2895
466.75	3008
467	3086
467.25	3096
467.5	3096
467.75	3062
468	3083
468.25	3152
468.5	3145
468.75	3197
469	3192
469.25	3166
469.5	3245
469.75	3280
470	3324
470.25	3406
470.5	3238
470.75	3374
471	3433
471.25	3243
471.5	3383
471.75	3217
472	3429
472.25	3442
472.5	3419
472.75	3382
473	3492
473.25	3463
473.5	3508
473.75	3541
474	3418
474.25	3731
474.5	3514
474.75	3631
475	3677
475.25	3740
475.5	3609
475.75	3787
476	3718
476.25	3720
476.5	3683
476.75	3818
477	3804
477.25	3760
477.5	3897
477.75	3779
478	3892
478.25	3995
478.5	4079
478.75	3913
479	4004
479.25	4060
479.5	4031
479.75	3977
480	4027
480.25	4005
480.5	3983
480.75	4224
481	4135
481.25	4295
481.5	4242
481.75	4271
482	4298
482.25	4240
482.5	4181
482.75	4389
483	4421
483.25	4447
483.5	4358
483.75	4405
484	4497
484.25	4517
484.5	4582
484.75	4502
485	4670
485.25	4671
485.5	4658
485.75	4670
486	4672
486.25	4668
486.5	4709
486.75	4889
487	4797
487.25	4832
487.5	4907
487.75	4971
488	5079
488.25	4986
488.5	4983
488.75	5120
489	5067
489.25	5102
489.5	5212
489.75	5221
490	5140
490.25	5246
490.5	5317
490.75	5320
491	5292
491.25	5295
491.5	5494
491.75	5416
492	5403
492.25	5627
492.5	5569
492.75	5625
493	5652
493.25	5703
493.5	5627
493.75	5772
494	5844
494.25	5883
494.5	5955
494.75	5965
495	5952
495.25	6017
495.5	6165
495.75	6151
496	6235
496.25	6323
496.5	6315
496.75	6333
497	6402
497.25	6452
497.5	6431
497.75	6485
498	6577
498.25	6651
498.5	6658
498.75	6616
499	6834
499.25	6904
499.5	6884
499.75	6879
500	7044
500.25	6965
500.5	7047
500.75	7033
501	7205
501.25	7182
501.5	7233
501.75	7293
502	7334
502.25	7552
502.5	7489
502.75	7559
503	7621
503.25	7776
503.5	7700
503.75	7865
504	7805
504.25	7908
504.5	7935
504.75	8012
505	8007
505.25	8237
505.5	8145
505.75	8369
506	8368
506.25	8433
506.5	8507
506.75	8654
507	8557
507.25	8674
507.5	8770
507.75	8779
508	8837
508.25	8862
508.5	9070
508.75	9079
509	9082
509.25	9208
509.5	9302
509.75	9337
510	9412
510.25	9660
510.5	9551
510.75	9639
511	9687
511.25	9841
511.5	9847
511.75	9897
512	10200
512.25	10249
512.5	10286
512.75	10085
513	10284
513.25	10276
513.5	10453
513.75	10452
514	10735
514.25	10632
514.5	10784
514.75	10833
515	10834
515.25	10995
515.5	11115
515.75	10971
516	11168
516.25	11134
516.5	11212
516.75	11449
517	11343
517.25	11549
517.5	11604
517.75	11854
518	11717
518.25	12040
518.5	11943
518.75	11922
519	12241
519.25	12256
519.5	12310
519.75	12411
520	12419
520.25	12574
520.5	12568
520.75	12756
521	12776
521.25	12837
521.5	12888
521.75	13087
522	13169
522.25	13247
522.5	13142
522.75	13340
523	13527
523.25	13555
523.5	13653
523.75	13685
524	13800
524.25	14030
524.5	14041
524.75	14243
525	14260
525.25	14246
525.5	14496
525.75	14495
526	14782
526.25	14550
526.5	14805
526.75	14904
527	14997
527.25	15140
527.5	15282
527.75	15363
528	15419
528.25	15486
528.5	15668
528.75	15715
529	15853
529.25	15839
529.5	15945
529.75	16094
530	16036
530.25	16182
530.5	16340
530.75	16520
531	16638
531.25	16932
531.5	16717
531.75	16877
532	17048
532.25	17113
532.5	17378
532.75	17382
533	17455
533.25	17835
533.5	17819
533.75	18072
534	18154
534.25	18259
534.5	18427
534.75	18556
535	18524
535.25	18900
535.5	18938
535.75	19033
536	19101
536.25	19374
536.5	19494
536.75	19675
537	19748
537.25	19914
537.5	20101
537.75	20077
538	20318
538.25	20420
538.5	20544
538.75	20744
539	20937
539.25	20997
539.5	21294
539.75	21427
540	21478
540.25	21799
540.5	21903
540.75	21874
541	22304
541.25	22340
541.5	22592
541.75	22776
542	22901
542.25	23146
542.5	23194
542.75	23432
543	23518
543.25	23644
543.5	24003
543.75	24075
544	24526
544.25	24512
544.5	24758
544.75	24905
545	25066
545.25	25219
545.5	25472
545.75	25483
546	25780
546.25	26033
546.5	26261
546.75	26406
547	26734
547.25	26721
547.5	26859
547.75	27228
548	27255
548.25	27453
548.5	27685
548.75	27882
549	28151
549.25	28344
549.5	28689
549.75	28835
550	29052
550.25	29387
550.5	29483
550.75	29707
551	29841
551.25	29954
551.5	30176
551.75	30438
552	30519
552.25	30719
552.5	30878
552.75	31099
553	31349
553.25	31539
553.5	31814
553.75	31902
554	32058
554.25	32410
554.5	32413
554.75	32621
555	32915
555.25	33080
555.5	33210
555.75	33390
556	33596
556.25	33901
556.5	34077
556.75	34286
557	34331
557.25	34549
557.5	34715
557.75	34876
558	34967
558.25	35254
558.5	35457
558.75	35564
559	35720
559.25	35913
559.5	36168
559.75	36331
560	36539
560.25	36659
560.5	36792
560.75	37153
561	37236
561.25	37539
561.5	37847
561.75	37862
562	38150
562.25	38285
562.5	38590
562.75	38608
563	38890
563.25	39001
563.5	39362
563.75	39296
564	39703
564.25	39905
564.5	40145
564.75	40062
565	40491
565.25	40779
565.5	40750
565.75	41127
566	41079
566.25	41440
566.5	41487
566.75	41788
567	42126
567.25	42248
567.5	42225
567.75	42602
568	42611
568.25	42795
568.5	42982
568.75	43177
569	43307
569.25	43530
569.5	43836
569.75	44079
570	44131
570.25	44594
570.5	44645
570.75	44844
571	44895
571.25	45013
571.5	45546
571.75	45595
572	45681
572.25	45889
572.5	45993
572.75	46302
573	46664
573.25	46733
573.5	46969
573.75	47047
574	47159
574.25	47371
574.5	47781
574.75	47890
575	48024
575.25	48352
575.5	48404
575.75	48517
576	48685
576.25	48937
576.5	49243
576.75	49345
577	49636
577.25	49419
577.5	49837
577.75	49891
578	50266
578.25	50368
578.5	50515
578.75	50753
579	50793
579.25	51118
579.5	51334
579.75	51362
580	51753
580.25	52099
580.5	52049
580.75	52266
581	52629
581.25	52754
581.5	52629
581.75	53055
582	52992
582.25	53303
582.5	53775
582.75	53978
583	54003
583.25	54380
583.5	54488
583.75	54814
584	54871
584.25	55006
584.5	55427
584.75	55722
585	55885
585.25	56152
585.5	56423
585.75	56711
586	57173
586.25	57107
586.5	57473
586.75	57760
587	57841
587.25	58169
587.5	58719
587.75	58955
588	59186
588.25	59446
588.5	59675
588.75	60096
589	60562
589.25	61008
589.5	61339
589.75	61689
590	61935
590.25	62610
590.5	62605
590.75	62903
591	63329
591.25	63758
591.5	64021
591.75	64229
592	64799
592.25	64980
592.5	65219
592.75	65426
593	65875
593.25	66317
593.5	66690
593.75	67327
594	67344
594.25	67537
594.5	67901
594.75	68415
595	68628
595.25	69029
595.5	69526
595.75	69827
596	69995
596.25	70279
596.5	70724
596.75	71233
597	71364
597.25	71752
597.5	72358
597.75	72375
598	72823
598.25	72885
598.5	73345
598.75	73661
599	74028
599.25	74225
599.5	74513
599.75	74815
600	75012
600.25	75065
600.5	75764
600.75	75880
601	76140
601.25	76552
601.5	76846
601.75	76830
602	77431
602.25	77668
602.5	77825
602.75	77829
603	78425
603.25	78511
603.5	78579
603.75	78797
604	79133
604.25	79455
604.5	79674
604.75	79520
605	79963
605.25	80237
605.5	80251
605.75	80634
606	80737
606.25	80888
606.5	81327
606.75	81428
607	81107
607.25	81387
607.5	81471
607.75	81656
608	81644
608.25	81788
608.5	81855
608.75	81971
609	82090
609.25	82026
609.5	82244
609.75	82357
610	82429
610.25	82448
610.5	82512
610.75	82308
611	82808
611.25	82975
611.5	82780
611.75	82824
612	82538
612.25	82549
612.5	82753
612.75	82850
613	82779
613.25	83049
613.5	82802
613.75	82832
614	83036
614.25	82852
614.5	82776
614.75	82684
615	82839
615.25	82659
615.5	82331
615.75	82417
616	82533
616.25	82317
616.5	82293
616.75	82071
617	82406
617.25	82119
617.5	81716
617.75	81564
618	81751
618.25	81398
618.5	81496
618.75	81265
619	81089
619.25	80870
619.5	80930
619.75	80565
620	80433
620.25	79891
620.5	80268
620.75	79522
621	79132
621.25	79071
621.5	78701
621.75	78546
622	78158
622.25	77605
622.5	77390
622.75	77131
623	76548
623.25	76126
623.5	75734
623.75	75028
624	74574
624.25	74053
624.5	74021
624.75	73082
625	72615
625.25	72096
625.5	71439
625.75	70763
626	70461
626.25	69672
626.5	68957
626.75	67902
627	67524
627.25	66737
627.5	66204
627.75	65866
628	64782
628.25	63781
628.5	63011
628.75	62340
629	61473
629.25	60354
629.5	59421
629.75	58282
630	57210
630.25	56201
630.5	55504
630.75	54614
631	53627
631.25	52639
631.5	51808
631.75	51005
632	50005
632.25	49104
632.5	48116
632.75	47371
633	46494
633.25	45150
633.5	44566
633.75	43741
634	43089
634.25	41813
634.5	41185
634.75	40126
635	39334
635.25	38444
635.5	37627
635.75	36684
636	36043
636.25	35016
636.5	34136
636.75	33489
637	32668
637.25	31670
637.5	30936
637.75	30272
638	29544
638.25	28698
638.5	28152
638.75	27129
639	26580
639.25	25796
639.5	25161
639.75	24537
640	23840
640.25	23131
640.5	22638
640.75	21823
641	21296
641.25	20852
641.5	20368
641.75	19688
642	19145
642.25	18517
642.5	18063
642.75	17598
643	17043
643.25	16535
643.5	16198
643.75	15671
644	15163
644.25	14856
644.5	14351
644.75	13869
645	13535
645.25	13201
645.5	12894
645.75	12525
646	12047
646.25	11828
646.5	11475
646.75	11143
647	10995
647.25	10596
647.5	10379
647.75	10113
648	9709
648.25	9722
648.5	9273
648.75	9355
649	8804
649.25	8870
649.5	8485
649.75	8333
650	8154
650.25	8107
650.5	7735
650.75	7455
651	7383
651.25	7035
651.5	6951
651.75	6661
652	6490
652.25	6434
652.5	6240
652.75	5975
653	5780
653.25	5664
653.5	5591
653.75	5666
654	5365
654.25	5162
654.5	4905
654.75	4849
655	4662
655.25	4584
655.5	4275
655.75	4445
656	4169
656.25	4136
656.5	4158
656.75	3814
657	3701
657.25	3624
657.5	3539
657.75	3620
658	3371
658.25	3379
658.5	3352
658.75	3382
659	3128
659.25	3182
659.5	2795
659.75	2700
660	2801
660.25	3150
660.5	2745
660.75	2485
661	2405
661.25	2437
661.5	2408
661.75	2409
662	2242
662.25	2262
662.5	2059
662.75	2055
663	2088
663.25	2181
663.5	2004
663.75	1849
664	1718
664.25	1676
664.5	1786
664.75	1616
665	1612
665.25	1615
665.5	1523
665.75	1425
666	1603
666.25	1511
666.5	1361
666.75	1434
667	1234
667.25	1395
667.5	1315
667.75	1251
668	1134
668.25	1247
668.5	1223
668.75	1271
669	1077
669.25	1201
669.5	860
669.75	1188
670	1013
670.25	872
670.5	931
670.75	880
671	929
671.25	853
671.5	960
671.75	744
672	814
672.25	892
672.5	834
672.75	651
673	775
673.25	749
673.5	841
673.75	616
674	631
674.25	695
674.5	720
674.75	553
675	817
675.25	718
675.5	630
675.75	522
676	482
676.25	666
676.5	574
676.75	646
677	532
677.25	611
677.5	592
677.75	497
678	415
678.25	721
678.5	482
678.75	614
679	672
679.25	579
679.5	506
679.75	569
680	442
680.25	441
680.5	428
680.75	550
681	477
681.25	399
681.5	473
681.75	242
682	559
682.25	476
682.5	505
682.75	551
683	511
683.25	482
683.5	464
683.75	434
684	396
684.25	385
684.5	270
684.75	556
685	394
685.25	385
685.5	344
685.75	378
686	323
686.25	407
686.5	319
686.75	421
687	363
687.25	500
687.5	562
687.75	180
688	352
688.25	514
688.5	432
688.75	408
689	275
689.25	427
689.5	333
689.75	348
690	373
690.25	186
690.5	237
690.75	178
691	485
691.25	378
691.5	425
691.75	251
692	465
692.25	308
692.5	354
692.75	286
693	377
693.25	460
693.5	197
693.75	243
694	396
694.25	392
694.5	139
694.75	265
695	310
695.25	241
695.5	275
695.75	346
696	310
696.25	116
696.5	330
696.75	128
697	302
697.25	307
697.5	204
697.75	228
698	114
698.25	101
698.5	264
698.75	315
699	284
699.25	353
699.5	-35
699.75	164
700	316
