
560	69482
560.5	70780
561	72858
561.5	75061
562	76888
562.5	78922
563	80822
563.5	83301
564	85553
564.5	88641
565	90675
565.5	93902
566	96187
566.5	99789
567	102444
567.5	105556
568	108885
568.5	112885
569	116291
569.5	120787
570	124087
570.5	128324
571	132814
571.5	137661
572	142044
572.5	148609
573	152422
573.5	158084
574	164134
574.5	170554
575	176446
575.5	183812
576	190834
576.5	199328
577	205953
577.5	215203
578	223731
578.5	233546
579	241778
579.5	252005
580	261214
580.5	272983
581	282184
581.5	293588
582	304452
582.5	318790
583	329144
583.5	343220
584	356759
584.5	373137
585	384677
585.5	402186
586	416529
586.5	435548
587	451572
587.5	470740
588	490736
588.5	512779
589	529353
589.5	553508
590	575279
590.5	601239
591	622852
591.5	652160
592	677380
592.5	709876
593	734193
593.5	768368
594	800381
594.5	834784
595	865302
595.5	904330
596	939797
596.5	984678
597	1020190
597.5	1066155
598	1110186
598.5	1162770
599	1206923
599.5	1260699
600	1318135
600.5	1382426
601	1438298
601.5	1502679
602	1573139
602.5	1649738
603	1715996
603.5	1797716
604	1869839
604.5	1961326
605	2027935
605.5	2118237
606	2211337
606.5	2316042
607	2398362
607.5	2512119
608	2611238
608.5	2740854
609	2833980
609.5	2967661
610	3087521
610.5	3242436
611	3360086
611.5	3517566
612	3670465
612.5	3846614
613	3986773
613.5	4181710
614	4346476
614.5	4545598
615	4709524
615.5	4933979
616	5139881
616.5	5380753
617	5573645
617.5	5840143
618	6082076
618.5	6353192
619	6586426
619.5	6883062
620	7161365
620.5	7488891
621	7758960
621.5	8124936
622	8447027
622.5	8837669
623	9163912
623.5	9549363
624	9948931
624.5	10382690
625	10759940
625.5	11175070
626	11589480
626.5	12067200
627	12441490
627.5	12884270
628	13306120
628.5	13786730
629	14150040
629.5	14608560
630	15033760
630.5	15513240
631	15842770
631.5	16294140
632	16693770
632.5	17138580
633	17464580
633.5	17877180
634	18224040
634.5	18610010
635	18903300
635.5	19211410
636	19475490
636.5	19749080
637	19938330
637.5	20152400
638	20313260
638.5	20468400
639	20571140
639.5	20661680
640	20728130
640.5	20786890
641	20810230
641.5	20806420
642	20762380
642.5	20722880
643	20683610
643.5	20579030
644	20490690
644.5	20367290
645	20270880
645.5	20126230
646	19992020
646.5	19838230
647	19719860
647.5	19532580
648	19368780
648.5	19166340
649	19020590
649.5	18841080
650	18666520
650.5	18498560
651	18365150
651.5	18226740
652	18098360
652.5	17925460
653	17837150
653.5	17715120
654	17593670
654.5	17456480
655	17370280
655.5	17238600
656	17137130
656.5	17010010
657	16953570
657.5	16818430
658	16718240
658.5	16566650
659	16479610
659.5	16331080
660	16243670
660.5	16085180
661	15985570
661.5	15849750
662	15740110
662.5	15567390
663	15437690
663.5	15296340
664	15172040
664.5	14992350
665	14862650
665.5	14705630
666	14562650
666.5	14392900
667	14255120
667.5	14087180
668	13911900
668.5	13729440
669	13611070
669.5	13399790
670	13232390
670.5	13034410
671	12890640
671.5	12697220
672	12520060
672.5	12306250
673	12155590
673.5	11956800
674	11768190
674.5	11564460
675	11417690
675.5	11240400
676	11092990
676.5	10910370
677	10791940
677.5	10636570
678	10506150
678.5	10329950
679	10241990
679.5	10095170
680	9964882
680.5	9840398
681	9768572
681.5	9634637
682	9535275
682.5	9406985
683	9335483
683.5	9223426
684	9129933
684.5	9019357
685	8948456
685.5	8862043
686	8792264
686.5	8691556
687	8628534
687.5	8566575
688	8500328
688.5	8436673
689	8385443
689.5	8301276
690	8259570
690.5	8193542
691	8145959
691.5	8079692
692	8032503
692.5	7959927
693	7935121
693.5	7877670
694	7812325
694.5	7759123
695	7719394
695.5	7645438
696	7603470
696.5	7529763
697	7499066
697.5	7433434
698	7369246
698.5	7310225
699	7266601
699.5	7202613
700	7152948
700.5	7081543
701	7056945
701.5	6991609
702	6954162
702.5	6888099
703	6862942
703.5	6777216
704	6728375
704.5	6663169
705	6632426
705.5	6549435
706	6514624
706.5	6446607
707	6392948
707.5	6307327
708	6254518
708.5	6181013
709	6132962
709.5	6060656
710	6006628
710.5	5934166
711	5882904
711.5	5813153
712	5748771
712.5	5693318
713	5626245
713.5	5567180
714	5504999
714.5	5429600
715	5382531
715.5	5304237
716	5247560
716.5	5168234
717	5128997
717.5	5052072
718	5006283
718.5	4920686
719	4880601
719.5	4787453
720	4740846
720.5	4659792
721	4612421
721.5	4549711
722	4487677
722.5	4412086
723	4372338
723.5	4308573
724	4253185
724.5	4180570
725	4147847
725.5	4083286
726	4047123
726.5	3973797
727	3937773
727.5	3882361
728	3835999
728.5	3772432
729	3743635
729.5	3678256
730	3636750
730.5	3574095
731	3551812
731.5	3489251
732	3452223
732.5	3389598
733	3354552
733.5	3308845
734	3256253
734.5	3217674
735	3179811
735.5	3146121
736	3094860
736.5	3051936
737	3018697
737.5	2970245
738	2935112
738.5	2891512
739	2856752
739.5	2816500
740	2779226
740.5	2740756
741	2702978
741.5	2670062
742	2630222
742.5	2586857
743	2558569
743.5	2515185
744	2479323
744.5	2438212
745	2406972
745.5	2372396
746	2336559
746.5	2290794
747	2261915
747.5	2229129
748	2190335
748.5	2148823
749	2129442
749.5	2093211
750	2059967
750.5	2027608
751	2000829
751.5	1969516
752	1937487
752.5	1902390
753	1884297
753.5	1849268
754	1822955
754.5	1800684
755	1770678
755.5	1736107
756	1706999
756.5	1687732
757	1664170
757.5	1638926
758	1611420
758.5	1584229
759	1554092
759.5	1550068
760	1521857
760.5	1502362
761	1487242
761.5	1472186
762	1452937
762.5	1433642
763	1411574
763.5	1393414
764	1373280
764.5	1365349
765	1341975
765.5	1334532
766	1311459
766.5	1298194
767	1285304
767.5	1267563
768	1249474
768.5	1234597
769	1218247
769.5	1211152
770	1196271
770.5	1172318
771	1163596
771.5	1154085
772	1134990
772.5	1119235
773	1110895
773.5	1102809
774	1081291
774.5	1071255
775	1057244
775.5	1053660
776	1040188
776.5	1026419
777	1020042
777.5	1007942
778	1006854
778.5	979023
779	977072
779.5	965581
780	957870
780.5	940560
781	931594
781.5	923427
782	903660
782.5	899265
783	883845
783.5	878714
784	868397
784.5	865234
785	851514
785.5	840923
786	835064
786.5	823949
787	822097
787.5	809695
788	797834
788.5	788400
789	782771
789.5	773270
790	760415
790.5	750403
791	746037
791.5	730232
792	728492
792.5	720038
793	709751
793.5	698366
794	695248
794.5	689503
795	681044
795.5	672656
796	664052
796.5	656943
797	648113
797.5	637673
798	637052
798.5	621912
799	622302
799.5	609097
800	605405
